 c ------------------------------------------------------
 *SCINFUL-QMD sugihara NE213(5"*5")                                              
 Energy     =    0.00
 Source Pos =    0.00     0.00  -300.00
 # ELIMINATION of escaping proton events
 # LIGHT-OUTPUT FUNCTION proposed by Nakao et al.
 c ------------------------------------------------------
 Bias ========>      1.041     4.197     6.130     8.394    12.260
 c ------------------------------------------------------
 Energy(MeV)  Eff(1)   Eff(2)   Eff(3)   Eff(4)   Eff(5)
 c ------------------------------------------------------
 1.1295   0.000000   0.000000   0.000000   0.000000   0.000000
 1.4219   0.000000   0.000000   0.000000   0.000000   0.000000
 1.7901   0.000000   0.000000   0.000000   0.000000   0.000000
 2.2536   0.000000   0.000000   0.000000   0.000000   0.000000
 2.8371   0.000000   0.000000   0.000000   0.000000   0.000000
 3.5717   0.112951   0.000000   0.000000   0.000000   0.000000
 4.4965   0.276641   0.000000   0.000000   0.000000   0.000000
 5.6607   0.334857   0.000000   0.000000   0.000000   0.000000
 7.1264   0.334764   0.000000   0.000000   0.000000   0.000000
 8.9716   0.304424   0.047785   0.000000   0.000000   0.000000
11.2946   0.285233   0.126108   0.020024   0.000000   0.000000
14.2191   0.252175   0.150611   0.091940   0.013288   0.000000
17.9008   0.225551   0.146961   0.112673   0.071014   0.000000
22.5357   0.246005   0.134910   0.112114   0.087667   0.042346
28.3708   0.222559   0.134313   0.110235   0.087675   0.061727
35.7167   0.186266   0.129899   0.108612   0.090660   0.064085
44.9647   0.155128   0.121756   0.105184   0.089242   0.069619
56.6072   0.137699   0.116187   0.105499   0.092944   0.073715
71.2643   0.118584   0.104269   0.097525   0.090037   0.077017
89.7164   0.092613   0.083564   0.080037   0.076083   0.068989
*******   0.077521   0.070663   0.067977   0.064965   0.060087
*******   0.067055   0.060373   0.057908   0.055015   0.051163
*******   0.081141   0.069418   0.064584   0.059836   0.052812
*******   0.075101   0.065574   0.061438   0.057529   0.051678
*******   0.069750   0.061011   0.057504   0.054061   0.049117
*******   0.071073   0.062754   0.059172   0.055801   0.051030
*******   0.074262   0.065830   0.062280   0.058985   0.054360
*******   0.078070   0.069362   0.065861   0.062545   0.057778
*******   0.084687   0.074812   0.071104   0.067203   0.061788
